"ancestor_radius"
14.8622036599356
15.7312608360766
22.5054439904112
16.1968109283217
15.6713952571198
22.8960270126682
15.0909271189592
16.4986341052607
16.1945212354154
16.1562954954562
17.9268787639828
18.1932377142839
13.1427233877732
11.9511415337275
12.4229754949049
11.2100509212319
18.4852048414218
19.3979094519526
11.8795204595754
18.7831753180504
23.728837330361
24.1682644669612
15.7610982573135
17.4429956216874
16.126409608821
15.0819072519708
19.5186521472666
15.6903243192296
16.3336635913676
11.959408614079
12.9846366512275
16.824460691416
19.2172860955987
18.7324111363054
22.5235688946869
15.0827303406304
16.6292810085618
17.8383595683727
17.8826739374889
32.973644993454
12.4617333907504
23.1233635960263
20.2500209258174
15.4320548209464
17.8099111955442
22.8765762345063
13.9293140937854
19.1049955123987
16.9700967886802
16.0695713488507
22.4372033340199
20.8535338383238
16.9547840824625
17.242625038064
15.8783538189626
17.5222152962398
16.068026232041
21.00773380753
16.6797762664943
27.3438368336356
13.4063602120343
17.6067018565817
16.9394575340732
15.5390655617267
18.3057220409478
17.2483653414599
23.3357705483557
18.9972443427139
23.5887590663589
18.4443576054765
14.3189271158149
18.271234149928
12.2918771477567
24.9075803666602
17.1995394564471
14.5451313549731
14.4127526924634
15.9707611968816
17.3712406082996
13.9222053703472
14.3154699319798
17.1772427155219
17.4996202961872
13.9647806373601
15.1987061127728
17.6207435663109
17.7612400840205
15.1481803785369
16.9846648062393
13.4680101385618
14.3646257820844
18.9933398908621
22.6396633411128
11.4674360708732
14.6619945110811
18.9130873372793
34.2578730491551
16.7773514743242
17.0028525953521
23.9678864561279
19.524986771508
21.857624859798
10.8831717324902
18.568644052645
9.86644832917457
24.5056640249323
8.3484046044294
22.2073004026189
18.4684769331517
16.5913087121772
16.9226594181311
15.3927421293282
20.0721416602878
15.4800606163569
16.4174806463847
22.1811118627497
23.5861410589967
14.3715045941142
12.4795751659674
18.3084170671622
17.6775011314758
17.4628296750743
15.3999678204351
19.4494733918404
17.3612695133527
18.2312606487656
15.9234651586015
16.5808782016057
15.4424677102379
13.1831199409419
14.400733280564
25.4570817804376
16.4137188515759
20.4002949126181
12.290867164054
21.0383262161728
18.3057220409478
24.8389742365094
19.1463784719922
15.6129006199747
17.5645093747923
19.4450213330256
14.8438912025761
15.6279394406688
19.4666337449781
16.8882780080658
19.4520181368029
18.118314047704
18.867262259178
16.5987605430144
13.6023171780544
14.267014861513
15.1171227317499
16.8068090254893
15.8073195322597
20.4360339437462
16.2029119199952
17.5588724247305
14.0451254584966
17.7688999174092
14.6138389397538
19.5718008949897
18.5939289215013
13.1971770615789
17.1498600056691
17.4039547173813
10.5730994522773
12.2515687440133
12.3400785933886
14.4290424341367
16.6486027291123
17.0631115812818
13.9718563079109
10.8353487161354
19.797958339421
19.6927381832799
14.190528885736
20.1563706943757
17.2598309997811
18.4477053238211
15.0540011836639
16.9131578599922
14.9161845843578
14.7712332323105
19.0232646972867
13.5886791703605
14.3396416163638
11.5104907439181
16.875833758009
19.0557401758855
17.968220360067
18.639759978006
16.7935557309492
24.153937222377
16.5510185429848
6.96599374886126
33.3450840398749
14.7183967982401
4.9005313663951
4.65461535394854
18.3899669672095
17.5588724247305
15.1726513545058
14.7368651994219
14.964196778032
17.6865920753087
14.5153491708911
17.3833393693814
16.8868172266226
23.1185450898993
17.339180745045
18.121721997842
14.1075038467825
18.5039304025296
16.3010666729617
18.3697823805935
20.1772132857464
14.7804319235303
12.9493493288899
11.1170117990122
17.530678643501
5.45463671396834
14.6931692961644
21.3961861021603
14.4513062224911
14.1250245433455
25.1280375381257
13.7685841340046
21.132165021198
7.31410380030981
21.4855808782911
16.6768085053977
23.0397853693042
19.6248057035029
17.2991971661853
19.3225336785767
24.4763752758824
18.9085089853608
18.2095367364546
19.1741305388929
19.26164225838
21.0624069604022
14.1486441926895
16.0395238729452
17.5961586983997
14.4427464408486
14.2678849599285
13.6748545463896
10.7344389140063
16.4948811694279
14.6830596553287
12.2273173162207
15.8962555265941
17.1116012723166
17.2626985293611
18.6596525257671
19.5218237926614
11.4014744436384
16.14250812624
15.486454256391
16.1471019385117
29.4892510000933
17.0428123510418
14.267014861513
20.3420195428268
19.1153475698796
14.5025588164847
18.0300461905155
21.2267511649931
16.3041028287651
18.9366096590496
14.8080259556828
19.1276328412406
19.8914317265732
14.5400314210961
17.6613959860717
18.2536300880511
14.4213302769084
18.0725256304634
20.3972676671645
24.5767095866392
19.8223014144319
16.3124469042395
17.0319201356022
20.0252653154146
19.4310283579211
14.400733280564
17.5595794083766
17.343457594041
19.0473027136604
20.5609061388218
13.3100800878343
20.3292546753781
28.2767350298983
15.36459265225
12.5280453531114
18.2590438367052
17.6865920753087
15.9040330277681
18.9045777877376
18.4865479300914
20.9399326860185
18.723173452524
18.0964545490074
16.9153502772037
19.0102589719316
20.1545308396303
16.8053316919668
17.2325887595854
21.1163582168405
15.5922853196454
21.6261381430173
16.8259268864856
15.5533776316441
18.5179535523239
13.5549644290279
19.1373322967596
20.4759316380549
21.3771053505871
21.5097454458692
21.8949322357483
18.8679117821193
17.3063441944311
17.5820973543015
16.962808088156
17.0732568068146
15.7516841468704
22.6478517130507
19.4571066282661
11.2705677811795
18.1864392267117
22.7714632158068
16.4024088844074
17.0391792726967
15.4063946989438
15.5263189788574
11.2804342434414
19.5009091491537
18.0909921454013
17.9206630819903
14.9112115586786
18.8035763498446
16.4513464630225
18.9835668640675
12.4339115643392
14.8730155185305
16.3366839468934
18.9006541930607
13.9159851176997
29.4119935810822
19.1625146155648
17.5750624634614
20.8902650119108
21.7799760278388
19.369837108383
18.3036874680233
18.6848227574218
21.9901747315361
14.976582261286
13.9948474325017
12.7791991993605
30.1445391028601
24.5011173700819
18.1394540749483
23.0102423587856
12.6097066114013
7.00315873970738
16.0526263717321
16.3752466991991
11.3938781330527
22.7263449884235
13.1662194971256
20.4940419827566
22.4768485103109
18.0183905103192
19.0829735316453
17.1916352006166
15.3210665127186
26.1036869415968
17.8909667700901
15.1824245079404
18.4430114443508
16.9766511311159
17.2898933281736
27.6080279698396
17.6935826225199
10.9962127468744
16.6664219546229
16.8303341617545
15.7210291074645
19.2539315301058
24.1784958363441
14.8413820623468
18.7601223462984
21.466579586171
19.0492495093453
20.8523432065529
21.6552763720514
9.03831008486697
17.0906332805187
15.6469210740946
24.7726709653633
22.8808961942599
17.5673271715355
15.894703574915
12.7044796208969
20.0548804164554
19.9838467189196
20.5085125355019
20.0493324055412
18.1039725529227
13.9753984939075
29.2948724960899
19.5021741268994
14.8247187584556
17.8147718865905
16.7005167675362
18.4195327453201
16.6129165189687
18.7976590280277
16.2067324662576
21.7117422770339
14.6248344107586
18.8048882362218
20.2310785421891
16.2326569591101
15.4047830649249
15.6492908881657
14.975763966083
21.5705991889122
21.663271126635
17.339180745045
23.9157162800337
15.4592784668623
17.3833393693814
16.4941285499545
21.2360689443471
20.7994976944375
16.4753791708554
18.6078928004246
20.2640609765824
19.1573478760117
15.859649178416
27.5308793006051
15.5930814677648
24.9085707689943
15.9079253548055
18.5746343319127
11.900321840715
17.4663746326014
15.7045086765992
19.9119361861447
15.5533776316441
14.0697615991617
17.7974138450587
26.9461280443939
14.8888016981373
11.8430368474026
16.869230809602
15.8838056075441
18.3536169942775
17.1072664588994
17.1894780219645
21.45851155074
24.9680759998197
19.3167753299895
29.7431202445156
19.5243591076974
20.7125130535153
20.634157093772
17.1375964141533
22.2351259290336
18.639759978006
18.1421825729917
18.7324111363054
20.734592783916
19.0030995163215
15.2628455270908
21.6467125386864
16.2836100085249
20.0203212312775
14.7996724937619
17.7800299061456
18.3212521189751
16.1348455779459
22.987122048667
11.9697444074664
17.680994046975
20.6521286872602
20.8926342676664
16.9671798081641
14.365489968339
13.1285958396254
15.4808625359573
18.3401364010604
17.6935826225199
19.4437526370159
15.2547411253771
17.6193435120985
15.4088015050855
21.9986120937385
12.9493493288899
13.6558472871756
11.3285699989658
17.4734532817056
11.095846413748
13.9700905743861
13.2318034793993
27.9370822035537
26.5130988721097
25.0965199869117
14.2357788795336
22.3753918585258
16.2980397168379
14.9575798999188
24.7566877847424
24.827021431985
12.5536809876509
23.110523491611
4.69956715590514
7.25809671012526
18.6424152515782
20.0709126050188
16.3374438193926
17.5264474807287
21.100539571317
15.6982038470703
19.7904565709243
13.0624936841813
15.5946736420675
15.3178459002051
19.1663846042673
17.3569970533012
19.924353345698
19.7498026916831
13.1511853708311
18.3381143252522
19.4513799362253
24.4940553917935
14.7737435136391
18.323276055622
15.9405374518139
23.4852546263164
19.3583386186552
16.9058446111234
16.6471209162259
17.6137241107076
23.8862238686059
23.326227117876
18.4094551040662
21.725401776082
17.7848987638816
18.4383163699501
17.6235523718769
20.825046882796
22.6418495395922
21.5407627329821
16.0718788428511
18.441673815142
26.7919489503356
15.0515376435191
16.829596543744
21.6518512451699
13.315651105054
20.4002949126181
22.6287362138454
18.144226484346
20.395449543525
21.7208520066057
24.3482157642655
21.5212407334991
11.1879662179273
18.6583304277207
19.5129516740947
13.3536773829873
17.8411341137596
21.1946811386015
16.9336219134995
20.7566490271816
13.6929288476951
16.7965028640816
23.9689156869099
16.6456294100644
21.9806190921394
15.869009269209
14.994743283379
18.0814179656575
16.9912135290787
13.7236028486451
14.5068271779643
17.206015646692
4.89042056457511
19.8603228127113
24.0831776647722
13.1765507929494
13.5266497018439
14.1337767469165
19.2250115215545
18.8593902879386
18.2624342401677
8.57059503156512
15.76580320452
15.7477532021887
17.2512347768813
17.100762178492
15.7288932534782
16.4061829734102
14.8563769826738
21.2220869914184
12.6752444589085
19.9955983925783
16.9314318622457
19.8079482430154
18.5879448602421
12.4557804530741
18.9601027985311
18.1544513561422
18.5779585746149
20.2255788636514
16.4986341052607
11.1702698671499
26.000681701716
16.2349412735503
17.7716853069569
17.9764737287892
16.189174082276
23.9544692114801
24.8285150459653
16.6627068096336
20.5380430047613
18.5025885756403
16.6404367787929
18.2305797130016
22.1319931426451
11.9273067321458
15.4704754895304
16.1899310476442
15.4039771846843
20.4420842902947
19.2917943746597
18.5693040207506
14.7737435136391
20.4420842902947
20.147778001877
16.6084419663428
23.4552277474957
20.2896725557922
13.0103267870416
17.5215068049713
19.9485421823091
14.0133948917902
28.795028130814
22.76548664176
16.189174082276
16.9773823600324
17.7075554378087
18.1898344132847
18.2244763453347
23.5005245759828
20.1158391938477
24.1600775693385
17.1253240405767
15.9335569049174
21.2529474751771
12.851577420442
20.9900666836326
21.7981419497206
19.1108176732241
19.4875851738817
20.1121439870514
16.227322372285
21.8208226147969
20.9635418768214
18.8154054106022
22.5246641214929
12.4686791473768
15.4055889030092
17.9096204903868
17.0246579032874
18.6125450986741
14.9360707849275
16.7234586380502
15.2100949588951
21.5556898149563
19.5414536999564
21.3127945235196
30.8183983200777
16.3880807851097
20.0178487312932
16.5711710703122
15.6429638033596
16.4798801946621
15.7752189781145
15.3024919317259
18.2935547095055
18.004658925379
15.0737055688204
12.927367414714
15.9777254895139
23.1292408141045
28.4093741883313
16.9853863200559
14.0521719991649
17.8743683533359
18.1169436602586
17.5947566879144
18.4322817889682
18.7139227041561
10.622103237418
17.0319201356022
24.656582375502
20.1667986286554
18.9659694384787
16.6864446456023
17.9819709198177
20.5933603263738
14.789635654701
18.2624342401677
13.9257601856677
12.7414070346174
19.5888540862995
27.9454895723823
16.4963863053637
18.8410264590426
17.6305679144449
23.152219201765
4.57964191730792
12.7384962620522
20.2866288028699
42.6058626105403
13.3601594386815
12.4706574691388
12.3740937486516
16.3812909506192
14.2929945568914
18.1701107263865
15.5071999859866
12.0695436033116
16.7692387287057
17.783511633228
19.1992645921046
20.234744164115
16.5435452073811
15.9017011776998
13.3230834682041
23.0623146067826
13.036906347292
17.2669943221908
17.9881654173375
24.1165343627167
21.4867364208675
17.1224427997303
19.9001351073075
15.2174073767199
18.9620585468548
15.6287337725209
16.8031249198934
14.1617429544789
18.2692044478684
16.0433833282293
16.134076163606
17.9888466818397
15.8619872104952
14.3525660668452
18.7930525555565
14.8263827112234
17.4479585291888
17.9558243302043
19.7760802870294
15.7673779375614
19.1973330094095
25.703148648844
8.86284193886737
18.7792263584434
16.9620762309479
14.3413618501909
13.6983441639858
11.8336260228472
15.3372009392287
17.8549914597651
18.7772515672069
18.6517014657764
17.1945048470666
20.074607473255
17.1498600056691
16.7286350129548
14.8213795543027
12.2121438631449
17.4103548707367
18.9529243964666
25.6477630921591
18.9189685563986
24.0307478157667
18.0300461905155
15.2879449926945
18.9294223479356
18.2366810380219
19.8839652234939
15.3718419289916
20.320735087595
13.3240032633578
15.1636800999196
18.5246303754647
18.8410264590426
17.5912466491454
26.9300637207626
20.8179228756552
15.9086957025176
13.0577653912696
20.2701626546068
11.9148638711807
16.8038636998955
18.354293365416
14.1425235341237
30.4948880053268
18.0759422133286
21.7430423549236
16.2767765942551
16.3139591159225
18.1959494007089
14.9360707849275
19.5186521472666
17.8369765952135
18.7653899742959
26.5406018078063
21.9118697959052
6.92860643816072
15.7665905907008
21.8853277391123
15.9001497575495
14.8013392622076
17.2254111293584
13.8429292243789
18.191872970813
18.988127118297
25.2850297118181
14.5587370204917
14.5374807832368
15.1351046009692
27.7496576409519
15.9086957025176
14.2401160298227
15.4184249726438
25.0437394783552
18.8593902879386
17.0108539271831
13.52208371223
15.5930814677648
28.0959785000374
22.0586799796477
18.5753026552838
18.8803664879613
14.146022984848
17.7117433357089
16.0271852451469
16.2189345032704
25.0768021950009
15.8479538441096
18.5066051645423
24.6661143705654
13.0757432830965
17.3989792581799
16.9926653360532
15.9304501275901
22.3322386831778
15.8206143418834
18.5179535523239
18.4195327453201
16.6129165189687
19.664463526705
16.9730132678843
16.3427424604897
19.4888591829163
11.1492198611808
17.0050334484456
14.7687225243023
20.8908592556406
17.7159302436251
28.3793249122102
16.8589628077014
14.5051265674921
16.786929900314
14.2036002261468
20.7560509410262
17.4734532817056
12.3220219185099
18.5739659844942
18.0615758857091
19.2391543369086
19.6506268143696
16.1968109283217
18.59459655139
15.9800562055216
11.7928039877491
20.3559961398935
29.3951706796774
14.4812311088053
18.4228849747199
17.3384647745473
18.1360494568503
14.0328025104976
15.0671367826233
23.1933115793242
27.229176943894
30.787484908091
14.1302742633353
13.8990940857321
12.2202343747355
11.7033374472888
14.3076965568527
16.7766115268217
12.529023514658
17.007214021886
19.0297642267212
19.940482497029
16.2668977778261
15.1563417605389
17.8140839649424
19.4755269637894
18.5573180873255
15.2968433688895
17.2454954286003
17.4536221821034
18.452398009273
19.2044117670124
17.3491553614469
20.9127506885575
18.5146185359079
18.2149723278817
15.884587144442
17.7431300325542
18.6092184818292
4.41465280643619
20.1710834909019
9.54796486656458
11.0500674500199
14.2018520990029
23.4662922531715
20.7512886401581
21.1952668475325
14.9658452231747
23.6238581852796
15.6239773622304
17.3470177711369
4.84723900161425
17.0906332805187
14.2453233360909
16.0287342988927
16.1746472531658
21.6752577295023
14.6518633599676
17.2569629937136
18.2203975627541
16.7079198910075
22.4427141904387
17.6361729245654
14.3137465864482
20.5193665094615
13.3657095821342
23.322515108295
16.9387340638973
23.2619887800857
20.885533314439
21.7799760278388
22.2845672594947
11.6811226203161
19.0745481158645
16.0418356890432
16.8362150362107
21.1391831274784
21.0436134869596
27.5398614489546
20.3371602895151
19.7554348211032
12.5684421213256
14.5808027763195
17.680994046975
22.4713460249692
16.9693652458203
18.1483136164825
30.4222145900061
21.5218101601714
16.9577031952304
18.1224070238529
21.9789247043698
16.2987916261563
12.4567642891892
23.9487878660082
16.1524630193284
25.4896083540599
19.2198615826102
15.941316207384
16.3389537175477
20.2274122559773
16.7928259750186
16.0880220339124
17.7431300325542
11.9065524951415
16.6834780707186
24.7981122371686
16.5061277748852
17.6284644476589
20.1955915071382
12.2848314289395
19.7754605928104
12.0992162955214
34.0304266055495
15.3033031562359
10.8227827681964
16.9744666315068
17.2447755684657
22.1079543860654
18.2698839440522
13.5522283949441
18.2461737479044
19.6770368540652
24.7266987157976
20.9021009908333
18.2908487920891
10.3830965353056
20.0487132189764
19.6285845467064
17.5052672344653
25.1649172902325
18.2217601698371
15.2782289214373
12.4686791473768
17.4351926087876
27.0738644876856
16.3782691037312
22.6844067254095
23.9400073703291
17.2848942441492
16.1463429652492
22.7132804454819
15.677710867792
18.6967354638995
10.7425015418484
16.713843837775
13.5914078666807
21.475793310561
11.6216891782595
17.5863241779794
14.0644892921955
12.9292755523026
17.4699097605632
16.051862931423
21.8904177020149
19.0434001677475
18.92550390398
17.0064934341268
21.4002322486547
17.4479585291888
14.9856655234846
16.8941387121961
14.7929820243724
26.5410695430997
17.6186389266085
14.0618523974191
11.1069858386084
17.4876019840079
18.0492439715479
18.5706410270972
22.5997544792968
16.5607278763728
17.1383207761298
17.1101595571282
18.3576575079609
17.6347740953156
17.0594921553789
16.2539680064468
18.2027443363556
10.6174573755513
11.4447772636779
11.3906230166473
15.8151407700508
24.8906927384985
18.7205296334985
17.530678643501
20.2170155862237
4.43702018820979
17.2598309997811
12.8611962497732
15.2514960717848
25.4590260448135
19.4571066282661
17.7117433357089
17.0956984796544
26.658223497884
24.5177670053924
24.7811564322128
17.4677869473709
11.4555773925527
18.7370325173882
16.5248422661097
26.2199665733847
21.3441054786607
18.7324111363054
14.3930059545427
22.582233411192
18.441673815142
14.9261363278794
12.7608035321028
18.0773157089719
13.8348903465376
18.7555066545801
14.7611770560313
20.4027210659852
18.0471893030737
17.0471635540868
16.7507972867369
18.6980548464111
19.6506268143696
20.1305816135695
17.949627538384
19.4036437226773
16.7987105060651
21.2453826371188
19.2185780229011
20.9735684941999
15.5159623629404
16.0287342988927
17.2619793866313
17.2898933281736
16.1845922117079
18.3441798839976
16.0741860056043
12.1573364456085
18.6967354638995
17.3883193037501
26.7420506317772
17.6179343129404
18.4597710507284
14.6535578021655
4.54440613344782
12.503337324921
19.7535576230555
7.52741818485531
13.2327416467097
19.9336571471878
15.5350808168453
14.4598609370137
17.7591520945888
22.9623635662162
19.7579401594766
12.6459417106199
15.3814885204205
14.5162043842049
16.9496767728721
24.5187796448549
17.1556313484307
15.1677519233583
13.8241530582134
16.0256459729365
15.6721873864499
15.7461866140563
18.7046673806556
24.3273877330825
17.6907849358171
21.4417948362461
14.5476806514614
28.78085298434
14.574863602238
28.8160678979793
17.5335018771581
21.1812579607628
15.5199520164822
18.2644646945901
19.3877000597734
15.7351857862727
20.6569138487451
21.3122195123016
15.0663234056967
17.0667395650428
10.1628069641132
22.0850137004452
19.7347677569988
20.015996143721
18.4892165987714
17.7264021652528
19.1205256587393
19.9299361477821
18.0197595604025
21.7305291986301
21.7322356294974
15.6690287861563
15.1653068615527
21.3880915128514
16.2029119199952
19.9652735854177
19.3449246741917
19.1812178592838
17.6382754720708
29.3467484083744
20.3322920471899
18.0684213548609
17.7480090131319
22.812697272939
18.9339956428802
19.6153472967712
17.3598485328332
21.4244856520519
25.7910429943463
18.2522698601889
21.9924254937488
20.3182991445055
16.3608948125591
11.6758349352422
17.0747016379145
17.3527235413161
16.3737401477877
18.3246223274285
16.3389537175477
12.9512665165946
14.1486441926895
15.9118067273928
19.9280753875328
17.1527459197836
14.0275049663787
23.0767885366104
20.0850778580745
19.5389206030665
18.9085089853608
15.8143658651015
18.4222197612156
20.2059992003079
14.3517011023793
18.1292295236106
27.9087371083703
23.7793360433571
15.0095743895464
24.668617763824
17.2598309997811
15.7477532021887
14.3740957563254
20.9865329908582
21.217429293673
16.3177536622452
25.5342070842172
29.7526809152776
27.23235644633
16.2395089384682
23.0472929583907
7.94928908237034
22.1414906414572
14.3439473619221
15.5462232436719
15.171833144161
17.4295138359139
20.3547842242309
14.6408881880204
17.5391469811251
15.3847061550889
19.1954012323442
21.7362192212464
25.3465773096342
19.4157465761325
31.2087627348025
13.1521292887914
20.2329114361652
26.6749169223597
23.4029688444112
16.0718788428511
10.661615820581
14.798833661863
25.8623852784032
16.2494044059354
20.9381616836699
17.2038602711929
17.3149130575363
16.5928051011579
21.2512025584237
22.0076030780116
18.6483903684099
15.5183521757841
19.6002173443333
20.1557547960369
20.8143599577255
18.4838702656388
16.8838858581416
19.3007599083672
15.5748312958356
12.1766438251156
15.8744542411523
15.0597513995363
16.3154809422902
16.5255934867988
17.4366074492109
20.2408546797992
23.4736702129732
5.03002779447637
14.1092523834306
16.8369429115491
15.3210665127186
21.4884622116919
23.0676761249109
15.2523100086115
17.9282548021523
19.3768610605014
19.7165896201425
16.1929880411886
20.8309842410822
16.5338257836357
15.5303059718395
19.0239088939227
18.5746343319127
16.8259268864856
15.1351046009692
15.7838325653266
25.5951555026616
17.951001832741
17.6291596125172
20.9918333069511
9.43067823961078
21.6106926506222
19.611565902956
18.757483735125
14.043368937422
15.9800562055216
19.0375573889752
20.3444526457546
17.2562528349918
20.6059693114913
20.4747190482324
17.1937921086234
12.7685588667686
19.4863192490767
22.4790505433408
18.2610746681077
19.2185780229011
18.2705547039594
13.4404358838435
14.9575798999188
18.1230920239708
15.7461866140563
18.2563415219481
20.4190803181145
17.1700419488825
19.4106554415167
22.7915483877603
14.7695522904748
10.6801550126479
18.4188587698803
28.8473780918715
18.5733061820428
26.88548363694
14.9054040391258
19.4723477775938
16.1363744334506
6.04399529766728
20.0215613413586
4.22573855142796
24.1953740571658
15.2385193913038
18.3030179223492
11.1170117990122
21.229082867499
10.2885659481869
30.138794212239
17.8126901721154
17.1714786363535
15.8393650785737
33.8540924169569
15.6658797083559
17.44866088551
22.1359047938902
20.7095314470464
19.1908902318938
20.5199714941501
32.7659724887864
21.3545347459261
19.0226121122182
17.2440649078318
24.1144818582837
19.2160023638564
22.113547293863
15.7320398344879
17.9613367021044
20.6449373017054
17.1736380759065
22.1515444914459
17.6284644476589
11.781272819635
24.6621006686901
23.1719743416342
15.4848509548218
19.374938968797
16.2729822731867
18.1925553553458
18.8331435216358
23.0478315873968
18.5399856694682
18.3805485200766
18.5832864033603
17.3762240101099
15.1195755856529
18.207500156606
17.5109214406111
20.2988167573521
16.8398824515306
16.1356149555969
7.30903196040526
20.0998428400015
25.681008760003
17.0609381521589
15.7681551516699
22.2061823560447
19.6197607057536
21.9839929967394
16.4783832094674
15.5215414384741
19.0284594800093
26.399515200875
20.5386396902682
15.3670060054994
14.3792545432291
21.0764948438618
17.1224427997303
16.1853493913635
15.2717585279666
19.6474759613518
20.2231314586831
21.0494891949927
19.2372267594866
22.2618014240888
19.7854618557749
18.4892165987714
22.0194022392425
33.0129979887592
15.1351046009692
13.5531326389867
25.7324821835182
14.5833458371324
25.562763229705
19.3691962000019
19.3889806320493
19.0810301767487
17.7222087508141
15.2263469756123
17.8632971436465
23.1078444150591
16.1838251624316
18.2278644469807
19.3289325763555
12.3950666732645
19.8702813622159
19.49583209033
14.7628589514954
18.1619365896188
13.4514794677581
18.4463680349867
19.9491644780048
12.7646817884165
