"large_radius"
68.1975346545129
68.1298647865391
51.3880151425433
36.2352577338761
88.6993520652608
35.6368375354655
116.232847691181
56.2322185057623
18.4537348611326
47.4477770999739
46.0511085926498
70.8623262383653
31.0880696347594
39.9571713716298
90.9962050997078
61.6056920592615
47.699918758218
69.0348493064696
91.7610867357455
58.1341888662936
69.972317475778
62.2292210409335
38.1345042399365
20.3377628686801
64.4588611517504
23.1367262548746
28.7292515641689
55.1591394931072
86.1613423134377
50.1200635579344
61.2380610737193
68.0543146713049
51.0398278212461
55.7616140553261
20.331681477957
81.6896447513606
68.4753088087878
33.1572735054052
57.8997261433908
57.6222623519826
54.6154866835335
76.5468986617264
65.0084592413799
73.738855522878
33.479064081826
83.3001970842797
54.999957239075
23.7335319320801
24.9992589095286
68.2133065425962
41.2413285216177
38.6869656004499
58.6104296720459
18.4664689106194
30.6756211579221
72.3135261076307
50.7397213793507
72.7810904414839
25.8776855413213
44.054522445478
93.7115671415345
61.5422280346193
101.947766690799
83.5449336871445
41.1690032136947
76.5832382976777
57.0435624020593
88.1052587197556
44.7106914226654
51.8329632457769
108.587622883521
71.124478789466
59.0631533371958
74.8198245881638
39.6311919886155
36.2529981516096
63.4502992003816
82.841849138335
44.1212811761436
49.2067285559518
22.4796027878873
65.393286835231
26.2962585484476
73.2162867395139
77.5155671258191
18.0403357773466
29.3686556109485
20.4861969092837
69.0690533993187
55.46498699497
68.051042827059
66.1855655521638
20.5302147451112
71.4346764696332
81.9112677463182
29.5763494861521
75.9323160954303
44.0239160170132
30.8697195507661
43.7528603718699
64.6714599759773
93.6314336478954
44.6522926276896
83.1954713631365
79.6157485672883
70.370593495756
70.2240589697111
77.8327044228925
70.8106522413131
69.5114790125711
61.4505338642196
48.1090746840322
82.4828114076071
36.1635180897485
68.1011790306117
48.5017775167884
68.7301924223577
63.5021204161373
27.5057148380059
59.6137488661701
54.2709177894075
76.5943807714939
64.965263204005
81.6929743074579
77.7937692285697
54.2369535081239
92.3378206434409
70.5294501858735
21.7856531358322
21.8083467892698
86.4025558444302
36.8457742689297
70.2930547116488
44.7482905602003
63.4134535247793
83.2710951832816
40.0656522627275
74.4486775500603
22.9462014329692
74.3637506667853
89.3778108677253
74.8840908852708
56.1897590582713
48.6207015047922
28.0633933147596
18.3610297022067
66.2677232711275
51.4921092799763
32.7274506947611
23.4504774315272
53.3426497378339
79.5050808464856
69.1415266896557
82.3289945386644
40.0653463903229
28.1245762832025
46.2763931408305
92.9707179640163
36.1231429596201
56.7115640628222
93.0814501901864
89.9596513772511
52.2007398938677
79.0026557254374
62.0401501079953
47.7794400893914
66.3708391293064
46.1042458120841
69.3529664056681
55.7753639081519
84.906416076904
56.7671427018873
69.7235704592503
27.9277833046926
25.7977561018858
83.2690156773033
38.4924519640969
19.5243591076974
27.538514891405
60.9778179499005
54.8860723965995
76.8504955042354
33.2916364919151
80.7228094966373
76.7015085211275
83.9381820047904
51.4495831104231
26.1628342799382
77.9687469213309
82.0691818611589
67.3830352467845
47.6763199118325
30.183483612628
83.0918050420033
72.9521588059411
73.4267697571273
64.2103245457082
70.0389139295224
74.9659550223776
28.4976006640455
54.7895540185338
18.441673815142
94.6840820574413
77.3967826891207
34.2741155323374
87.7970577382852
75.872849948082
82.9799617176321
26.4505230433601
37.45789720211
31.1671266092308
84.5735485337236
53.7700467471814
84.8392476935712
80.4774802939371
38.1267240134514
31.6970726104747
75.7207939110934
60.8094646188605
51.1335045150449
49.9972859081033
72.7348607252179
67.6140577476157
49.7364078557132
77.5391732753103
71.7466364166286
37.3080445940275
83.0249552131105
66.8962303807366
19.9473055114471
71.7445667209448
51.9866184425766
79.2225864470434
63.0987067570905
63.4138425422376
43.5420708375225
89.6008428816027
55.0702877487676
48.6072197796459
56.3023270115787
91.3676716125893
21.2104295738724
22.1414906414572
74.9022540536045
37.5304534170369
55.6939340895609
39.1186412509556
63.9258168920072
25.0481876386308
45.4937551321714
27.6066847372147
50.0037157034027
48.1494113250148
48.5916970875301
70.082511853976
70.9416837220458
85.5743392126356
39.311315633767
30.175699786447
68.1055374642705
58.4284849475496
32.5554549613868
67.0727194729594
33.4591109193384
146.656531433995
88.2913166257578
82.3232857255681
51.7823606877172
136.541320722999
120.584614664786
77.1092911453586
28.1518221405192
94.9518363865316
104.224603397583
61.5380099454046
67.0039159951627
113.035202134371
134.182770884013
147.520300116639
99.6273453637517
108.671067284496
126.886468133107
31.1726819865085
29.9168196594209
123.314919986373
18.4878823125832
123.134280315734
44.2326900328781
104.770386955416
26.2816743213021
75.0426208804367
23.2981130446959
31.7979571705993
100.702298177791
110.298101138333
101.151113051786
39.288029411159
76.0724078802042
75.8946875728408
69.0570562376537
113.84808573069
95.0589600046023
69.0552654721484
36.8635576360751
27.4512586086649
127.85502095124
26.5499189807363
84.4488780098394
93.6429236076642
86.5335565412017
38.4490544422388
119.423881726132
106.585914581627
26.1339898792527
82.1000648673745
98.5124257057339
89.43714541863
143.902128156448
41.7221840026804
84.5899228289971
38.6952748192914
119.439827623097
145.685481734267
62.7583479824327
101.9376983887
116.185174758113
134.282634657595
31.9519793640766
29.4544248643647
105.184448624418
26.8643181722326
118.186378210547
78.5322960730604
89.2876923575363
124.653532001938
18.5526519402509
88.8671917797603
133.216502530162
51.707558267248
141.176763906289
27.165971581396
19.3289325763555
86.5022545755083
27.3207604342475
55.8768162541184
52.3707928674827
123.563567585621
31.0466715031643
22.6172549373603
22.6483998416545
96.5252121462728
85.2253625040215
103.447637997626
98.7260954816333
118.045563321418
138.188946151378
13.7290060657828
125.457669450032
20.6934018135006
70.34510892569
74.6411091644844
126.531513734475
124.774700671376
56.9454912026832
97.0564470282218
41.5764009480813
70.5792284442103
23.8224600559829
32.8018048040932
29.6506774737599
114.778417440777
94.7286088455046
17.8605260411782
107.126362399519
28.4689471268443
28.5292603703958
33.0695141497485
21.2541156655571
24.3141623264252
69.053654434928
20.1109173764782
42.3254296086234
26.6962325497065
127.027023501824
32.8323292020148
106.032449044851
76.9223907468654
36.0429502849093
126.824079730877
18.6450701470088
52.9120321361184
26.8841043032623
84.7660443343945
115.210503789525
21.8451773377139
65.7188699334608
144.111827842371
73.6102822030862
17.6130193004209
146.752120307108
27.0350146996299
148.097577684186
148.30526430219
41.673549565447
120.181630470374
28.9483690586938
104.359539813759
115.010470750896
21.4596685509234
35.1001425356621
24.403009393681
32.7009899163169
119.553557965149
87.0037267160721
40.2295183751073
58.5580791593703
17.4628296750743
25.8872413080003
121.828007006928
114.506160191537
96.5656877079972
69.2244663345479
46.8484597176467
59.6744952089063
68.1046307460904
52.5391170759901
96.6861172549957
28.4593858086516
21.4291057723878
97.4700380887604
94.2736163247873
16.455854060284
82.6789776755137
35.7549690247887
23.9482695007372
53.6646117249005
62.1313737256173
79.1851145140405
91.0926426449425
56.7460076915043
38.5976810917146
43.7192142828835
60.5181659004111
44.4285165213353
94.0812512614431
74.3975007313188
74.1994376418734
43.8573091209248
39.0053030653139
51.0918916333223
51.7928680408191
31.7582662369226
40.8753893159772
40.2900300089353
19.0297642267212
27.2237229988493
66.1743539958674
87.2372257634172
67.6522738542433
62.8556142930398
76.3638052266211
66.1494951787733
27.6192209553856
84.0886143780553
35.2116454957802
66.9546197195388
62.9222737236781
34.6562378266285
27.5043608221739
40.2565615980155
60.6885494228969
38.6952748192914
45.5279914976677
55.5387349154179
70.9087308350683
40.7544992441476
48.6756079534496
90.2332020563471
33.0335964233289
77.915596695752
25.0994750514911
47.1699169491462
61.251992484885
15.997068104097
87.333564348044
49.9962959008167
84.9252037343653
84.1344848221118
78.655023343452
65.3747507324618
62.6331020173803
23.7491582654156
30.462434218473
62.2045740730373
82.8025803108484
66.3225649276226
75.451830200432
85.4666124612856
104.065491316592
96.1809976087326
76.4169017700843
37.7364857230172
81.7752797211248
53.4528825591647
71.8000463023425
60.6612379408833
47.3290433277766
121.226217298693
61.6698933930539
66.7001810101571
52.0557950849907
77.5659629571685
51.7639684562901
69.1207768038829
42.2935719126258
79.5720915911139
87.8992542054227
13.8750496310038
78.7598191148917
34.3591595343507
53.8435918583089
109.31437946743
50.8512243665161
36.0967728368079
72.8104789665714
51.165177223592
49.0557116612848
31.4758734282345
51.4267455412689
59.6469275325557
53.0012348960423
31.244796724135
60.8434168691697
65.0810842616345
64.8644914434987
106.51569873062
79.943428301485
45.4619401351358
54.7371663090215
66.6710663218023
71.3922520679084
29.1454790834517
73.2292912158226
46.7580980078361
59.2249856089329
74.5316840547098
60.1784191622052
91.5944995103784
71.7076726403703
33.4417349401649
67.5476364728477
36.5830549684517
73.5407001048339
67.700328668802
100.905940289551
54.0652253995354
77.497537935322
42.5965713655606
72.141801558243
75.799308335977
73.523378172456
14.21230404142
45.9201454322483
72.8159128605732
58.7360431128216
73.9844649091324
40.9603114182223
53.7254104122969
75.5736696111505
73.3546530337452
45.9656371863177
31.1441082185488
62.4198993290827
61.606293999104
57.7703659011255
31.5782459020788
64.8709712169714
70.2200088181058
124.055679354251
49.1015688822225
58.0684218236083
76.7645208658196
25.379728376048
49.278302604784
61.1602639286603
75.6279753815963
60.4641952998169
31.3581828681831
72.7610372555603
70.4304931665913
78.5344989756292
35.3203497823706
87.4640203950759
18.8029161401446
48.1504393055771
53.1014684553331
14.5127941951027
28.0603079769416
112.355968037433
17.1058150742237
43.9359065576329
111.694967393581
68.4886697198487
67.4063388786712
44.8768857254941
15.2019624350622
56.8761754997285
82.1328934354518
12.6976628502926
56.2974958175162
12.9321556911729
70.0209030117367
66.1362200066233
98.7962156603997
70.7699497573702
69.7779996962586
80.6107474727466
59.3092797773301
25.0807495317905
52.5193413372395
30.3444792647594
53.0665247626907
32.0956292076138
51.2957650921332
85.8467373797213
57.9746430320675
114.002004600238
58.5318863448095
69.5891796668166
25.4035969202899
45.0764951475688
51.3519055008359
40.3173366057813
42.6476351020178
23.9756212055338
89.6060862658205
63.0404748989387
34.9068932911712
70.3442310749883
106.029416976982
79.0402141598158
20.7155019137304
118.730056506935
97.2717901323346
74.4611354934205
54.8826912040351
62.2347860418408
56.5563151831805
33.5963172455381
20.2780913063647
34.5565406049729
50.4287596979436
70.5815059400483
84.9812458796572
57.119819562957
99.4621224416111
62.4286163049741
58.0294370540751
94.4344293389456
96.8093348646798
50.7224164282613
46.3452845724691
65.5483582484287
56.132508644331
88.5776981360346
30.5184012870015
78.4549404820309
80.9852632691594
49.0176306720401
49.7224828430265
19.2879412970204
34.815731895709
52.1929219235622
71.6153487286759
32.4527321598757
58.4517617173618
60.3208617051742
92.4901006483202
20.2090629725519
48.668237477378
78.2932127862528
27.2409813151432
78.7111299422258
77.8342932425221
91.4661501027453
37.0896361314051
67.7145758170571
78.1533038801298
75.9730201924042
76.0969511254343
61.5148945451245
72.8446078500946
30.7098657097799
29.1883032564534
15.876018197164
67.8801948941231
62.1650008296293
71.8007356744562
81.1373592152109
56.1877791376037
58.3535125038473
24.755691306018
33.3191137660558
62.3820470586848
61.0912781286244
107.215902259089
33.0676419412496
56.3841935655741
62.0752214101259
99.4518024981651
27.7679188305053
56.8609536677407
153.963940597852
76.4879103280802
92.3957917818286
63.2867654040618
74.786265113113
67.3962466653204
103.338320066182
68.137669091053
99.1463182829647
30.4583744105497
65.2124406431036
70.9062887724636
84.8357489580507
94.8727488043995
75.0299306980615
93.5427707668217
106.447991791944
56.6572427592765
121.362935277378
110.88314014296
59.5741136472709
88.9623216425461
22.7328709437846
34.2553456452266
38.0331953083733
58.9128400271445
89.1168995908133
70.690399484332
51.2272553475079
44.5932677273416
63.2879373002132
72.38855992722
71.3870553740878
68.9947116466033
49.0299900309721
57.6297718470345
44.1064241637544
66.3307690297616
56.0454215613464
88.2518107666559
35.2537643365822
38.1989847953555
67.9532077240505
42.9377704825956
72.0972193343698
89.3314472577799
65.0217737408717
77.6692036391021
66.8137330820301
73.1442997552785
51.691771964835
87.9012241725091
38.8060119632483
53.413541512496
54.3774513938998
33.2986967314294
65.3652920090141
51.2677929053235
38.0439231929758
62.9986781358734
25.5598617275406
