"small_radius"
17.7096495105507
17.651597812395
11.6609948237212
15.9304501275901
14.8505480192899
19.7935846635057
17.5511299973865
13.7362147734923
13.8384560903822
16.3071384192797
20.6461398942658
18.2637849967855
14.9790687541794
14.4743934476517
14.2461947593348
14.1451453904414
13.4716848043222
15.8299975135316
15.3879231169457
13.8964258066796
20.9097900232412
20.1937552258047
13.8768274578585
18.8364305921334
15.9358840936335
13.132365479792
13.3583009355512
13.739806125569
16.5442859589012
16.3382036565508
17.2791660760066
16.1754147376649
17.6375806665035
17.8729881664588
17.136881308837
22.6281876089243
14.4478917310275
25.6997799579391
24.2983949969916
17.7473095357885
16.7042235033085
27.0121340493745
17.8584496601504
19.8758793522216
35.1497808076656
24.5228103143231
21.7458822558167
26.4481883128407
16.9423792875521
21.1660743367845
13.58594992599
13.3119333673559
16.6819993557064
15.5637093502022
17.4989108900984
14.5926738728067
15.7524621352982
17.3291912030876
17.3541451052394
12.067499523923
24.6204473748266
22.8635975357214
14.1127600841914
19.0700085276947
14.8954491290348
16.8948735123423
18.311120388435
19.9175224687093
16.5846020806145
15.0128717349456
18.2061452240844
15.7320398344879
13.7847345377431
17.4883027481889
20.2035573010825
26.4949039033383
17.9812893948107
14.4812311088053
16.2082545409802
16.6805109682391
13.7335148487205
29.6473439655833
18.4000466323448
22.0743671811212
10.5941374145571
17.705461117395
15.6532363918222
10.7355953244175
12.5753289394432
16.4918801359622
15.5517914633706
18.4597710507284
23.1725100725078
21.2116001058488
18.4597710507284
15.7705067480603
32.5581143237898
15.028511008145
19.8198042116966
18.5619830614151
15.2498785042802
18.2556615217002
27.7790531207669
25.2041995801645
13.5284850777402
15.0120554178531
18.2285454841747
17.5518282251849
15.2709456277403
20.147778001877
16.8016567350123
20.1238286480924
27.4426998272362
18.9241919689407
15.1040306043872
15.1138481305122
13.9062146234422
35.8188988465236
15.6635022432185
17.0674576092116
11.853474113124
17.6732961140948
17.0993102417348
15.3629869926787
20.9151173971452
18.3845831148235
19.926214453521
13.6014162038796
18.6530240336735
19.4964688358037
13.7721786014329
17.0515136467924
15.8002801299381
13.6114054892931
18.8587404715043
22.8717057364082
14.3783911842686
17.2626985293611
17.2132013645276
17.8043608802409
18.7831753180504
20.4481328466214
16.2668977778261
18.218362197007
21.9000199663913
24.7996075922724
14.8455530064149
12.851577420442
15.2060240073755
15.3380103279858
15.1987061127728
16.8075476435556
16.8472243340834
14.6990606687582
20.4662677901412
15.6374280485998
9.47647059561143
16.7212410608511
21.5361739563766
16.3268413784063
16.9058446111234
22.5455197961805
20.6047643743838
27.9503585378222
15.2992674091219
15.6216037080706
13.4303194342096
22.3941692686287
27.7166595632389
13.8661341217101
15.7681551516699
17.6747008992719
22.9677484166092
18.639759978006
14.9261363278794
15.1579693097266
18.9737971915249
10.6790075022426
18.3576575079609
20.2634483514413
16.8560360371809
22.0429743939463
12.77049073319
18.4704847373813
15.7595329957564
17.5454887488481
16.2471221249842
17.4401577367753
15.7186701089585
19.9330423518437
21.0940895809236
17.3070522977587
17.2239697001934
18.8305151425002
16.2455938950199
25.4852434838853
18.8613564792216
14.2175215341044
17.2067278788108
23.4636605813206
13.9541432960171
16.0264205929152
13.4955280532885
28.9957440948976
17.8036636168719
16.9569711176968
14.0107483807886
15.434457625721
19.1075861349197
13.6313854504717
14.9559305437708
13.0169798218979
13.8429292243789
20.0369926971278
13.1389567193487
19.6833205058954
17.0035826974904
15.1538843551378
16.4257671275075
18.6960714813545
19.0615773812479
17.9730293822751
16.455854060284
15.2822806387518
15.1775387178669
18.8967297837139
14.1136396923355
20.89322844401
18.9437858418536
16.0318121024797
14.3930059545427
16.7655558602893
18.0417031621677
15.8985881753776
15.6073542021421
13.7046631995495
21.4544838135306
17.7375588205595
13.6820917850349
29.0047006078505
21.6689788104484
16.0217822449367
17.1332681776548
13.9372985091721
20.6575148051647
18.5886127050547
21.7544143660806
19.1043457191722
21.9991763987178
22.2445793945318
16.9138918338784
19.8615648995103
20.4674731046636
14.8255453905933
21.2895726419181
20.1778285290965
11.5672899711699
18.7436313007706
14.1975032595916
13.7335148487205
20.1029227909398
16.861898508948
17.7480090131319
25.7838528486108
16.7972419353364
24.2571341466008
13.5804780723898
17.7229092188206
14.8854875614385
15.7060794218589
16.4001478959126
15.9707611968816
17.9275623574365
21.6957855444785
18.4148316847544
23.6191485229201
15.6271450684407
19.9299361477821
11.8878507350436
20.8748697312767
15.3355924117042
18.4691404805852
12.2808016376316
26.9323566781701
14.2236099198061
18.7739541352494
19.5173882375086
12.8554282919013
15.9118067273928
22.7176384631924
11.8085297654179
26.5880828599683
13.5028614073574
17.0203009467226
17.001401658302
15.2425816640379
20.5831484999798
16.2455938950199
14.6603010440006
20.1986568580418
14.4641418986229
14.7946495465679
19.8771284738594
13.9435092538376
13.3601594386815
18.1823519114011
20.3808909065512
17.2490850517817
15.7037181776246
33.5082305990097
18.4631159743189
16.002479448673
20.9753365070593
17.4089287546001
18.5806226799511
14.5162043842049
13.3768029606433
13.3915837986551
16.9007225122882
11.8053889820404
18.9071958710758
18.4517252342836
18.9463985072788
15.4071901228251
19.0563832746955
15.7477532021887
19.1747696670323
17.4011196116785
14.7074712756952
17.8536008604999
13.7550994081422
21.8836332459873
16.0225570517097
20.4741204998607
18.9822673263803
11.4534098439949
13.5367059179507
25.8121328106974
34.2730335587693
12.0397977814691
15.677710867792
30.5673938480917
24.9933247330507
14.8488867744649
15.1040306043872
9.58674154433329
18.4744996912175
12.8178484662284
14.0706438953008
15.4136139899144
15.5048084542151
15.4680679905021
22.5301535850875
16.4250113411219
15.7446097615165
16.376753112018
17.1318282858276
15.6848052797771
24.3055203726642
19.9032379658419
9.94634393615381
22.0597982873114
15.2239113245662
17.8549914597651
14.1075038467825
14.7653706565474
14.1092523834306
17.5814003286115
16.8662963845956
14.5391885559416
12.0490343691563
17.2770198263108
11.0835901672104
17.0203009467226
18.3758374862428
18.1394540749483
15.4152143761429
25.231659533046
14.6864303088444
14.1320312446343
27.3569472887247
14.6341360009669
15.5119819433992
18.7772515672069
18.4898880095962
18.0108367831612
13.081414098346
16.9146257759153
20.2047782875854
15.4392621134282
16.578631952701
18.8993489542181
18.310442422526
9.08608012735019
17.2891845220758
32.5744421540985
22.4449195723291
15.5247300459902
12.8217094678439
12.9445797075757
14.4624362688705
18.4007212968292
21.6781065103986
18.1128494495489
17.6326711303006
14.102245650251
16.5143601378811
24.2815949410588
18.0300461905155
16.1792417770794
13.7937026594607
18.2658153010559
17.9351511572236
17.580694222464
13.2942748799969
14.0010326489543
23.6458309373306
18.7423151266558
10.5964657122494
20.1870233931829
21.4216031430689
18.4503882368134
17.517273426812
15.8346819887669
16.6426651228847
16.5599782495071
15.7877545267207
18.1169436602586
20.2817484314401
19.6153472967712
17.236892056399
12.2989188302723
18.1755493520406
15.8104505049528
24.5867709890732
16.6886668465229
21.9338741497649
11.2001224567489
10.6069592344517
19.6764059519293
18.5159508954454
21.6752577295023
20.431189260558
18.9274632273594
18.8088318080564
19.9274524332657
18.6152042541784
13.7335148487205
16.7522699289891
21.5585543957485
16.4310372863428
14.3560143172735
15.3178459002051
17.5469037661406
16.7293675689757
18.721184247262
14.8013392622076
13.3165833652123
16.5106204161987
12.2596462199563
19.977657593014
18.9398703695419
21.6689788104484
16.6129165189687
16.6218428605299
11.8273569508004
18.9189685563986
15.0054596437259
15.1318444089794
16.964994088979
15.4880471160069
21.1438655890136
15.8861400844173
24.8887104715697
17.5024394464155
17.3598485328332
16.7714499594937
12.5910506759255
19.4856821719388
25.3255899829308
20.5687227176236
14.941866385109
15.2498785042802
14.5824945614351
12.2273173162207
17.3520081296149
14.7653706565474
14.6788533818586
18.605899824212
13.6712344903563
25.8714730154752
17.3199126662961
16.6812551785729
12.6596147095667
20.1766059117301
22.1961604249255
17.3755095660069
20.7280289212972
19.9137984544531
18.8908416410772
9.55572945934077
11.8805654124958
14.1809475499385
14.102245650251
17.7661140911653
17.1736380759065
14.7225917740826
15.2182231367585
23.9358719110503
21.9631693331793
15.5803892914081
22.4035556238656
21.2197545201807
21.3354167446241
15.2425816640379
12.8400178765376
18.9568371725122
18.873815510865
14.3972957406361
18.312476244954
19.7090649558822
14.4033081346413
23.4652409763655
26.4603410976044
13.4827027924973
16.7589094628545
21.3684225866771
16.0217822449367
21.8706329190142
22.8614325426217
18.7792263584434
19.5547328320257
17.7361590140188
14.0442528916163
15.3476885538249
8.94755587263123
6.66106985813322
12.5448159703228
10.4246907983886
13.3786588935559
5.85271576124249
15.7477532021887
19.2211533368042
5.26074643508406
17.3013406647587
16.5495183757105
15.1995228765103
27.4850212098625
13.0331213085487
13.3666383509496
18.9058910838624
21.6335698387001
24.2321429359742
16.2562493262768
15.3678138244897
12.2202343747355
15.6997853605206
18.9163521024376
20.3408067944315
15.2733737782089
21.313376986599
10.5050524834769
24.1856565357295
16.8567630566481
11.1469927411255
22.9569774527381
12.5388897838851
14.3783911842686
21.4192923983155
21.7259731773587
13.192497040319
20.1164484025877
13.5476592783774
12.7044796208969
13.9328670953947
18.5019262277791
21.4498691594107
15.3291358487265
17.2598309997811
21.1900174168798
29.2860101607884
34.803652289876
29.4447673504801
15.0490737000917
16.0941741544217
18.5939289215013
32.3577113416978
26.0467762029414
12.5704174035454
17.540553436476
18.9685790484135
26.6052869011277
18.2590438367052
16.8104828560963
19.332135347318
12.4914682662543
21.9856797548806
16.9970387403204
24.1278101215917
14.5085275891002
15.9304501275901
11.0310245802618
13.8465043922921
15.5342816961324
28.036498630863
17.3263346781299
16.2934884602612
15.9901122358999
37.8755011027583
32.1064127276014
16.7426716741584
4.63865408133134
18.8856005771342
15.844830282159
16.5913087121772
19.453924431795
14.0407280761743
17.5264474807287
13.4505565572728
14.0556939447584
28.1869420846594
20.8476029021217
21.142104141568
15.8182701946555
28.3841138511597
25.6530681709656
18.99137898354
18.4771787136294
17.7257018352774
18.1721514965242
10.9995845820651
15.1253008719944
17.7194245657898
15.6311063439481
24.7601847862511
14.0486491706324
17.6830912651789
15.8299975135316
25.3124019769423
13.4422830311652
24.7372009555664
14.1521421299367
6.33175569371153
21.2296601304961
18.5926021499273
19.1534760614246
14.0292748181801
11.9096799634973
9.20506038939813
26.9199558338969
7.94928908237034
16.4746256604614
14.5264191918702
15.4856526263561
18.8797089635568
5.51326107231124
15.1669439422483
15.3565419475873
15.6469210740946
14.7796027681693
19.0978715718817
12.4319273951166
20.3572158015187
12.1847709700648
14.4658473272691
15.0728819873428
16.7212410608511
18.4423383269403
14.6594650939074
14.9567605650829
22.426731105093
18.0410238936302
17.9420448615543
20.766177742332
13.49187167788
16.6916324992145
14.6096127368669
12.5408697208233
16.8970683019726
23.9637558079829
16.1057005758876
16.0787993379396
17.0667395650428
16.3631612248705
19.3180523651234
18.396690241362
14.1110119821928
16.6649417261861
29.4472860673247
11.0186817876574
15.2312171092365
17.5116303601456
16.029498840754
20.8576852532634
17.241194279136
21.7026213901899
14.9831907475769
24.6891643778203
18.4201980558613
28.1636805828471
15.3951510698491
22.2217725922629
18.1224070238529
19.0083081829084
22.5268614804786
17.108708417883
17.1397601225304
19.4240239933348
23.2034378359678
31.8352690213906
11.9707814845646
17.6024889677453
13.3379238372866
10.8570072852635
18.8410264590426
22.9607485579981
14.3439473619221
12.7501353652517
16.1738895724902
14.858037390035
22.3117400415038
16.6723606462535
11.6991073604147
18.0190706320719
20.6023697389198
13.0974761756628
9.70342118240013
14.5153491708911
16.6024899972883
19.7121978904186
12.1542857975382
18.0773157089719
17.7445292891745
15.6176502130175
20.5645129691029
18.0827822439237
17.6501911884349
26.0667066528308
18.5906075345052
25.3655959967118
24.5454956231129
19.3723923143192
13.0851973308395
12.2828231773115
12.9483906285877
20.0628941457451
16.6151485539464
18.4838702656388
25.3592580191802
16.2219860311855
17.4103548707367
16.6181273266367
11.772867131734
16.2600573401142
16.5495183757105
19.9758012780521
23.475778744102
14.9078917279764
17.4238423465375
16.0217822449367
18.207500156606
14.57825927189
13.6558472871756
17.4174562869137
13.9239886065871
18.3892919081713
20.0776833683845
18.820666022076
14.3801067826428
9.449021812613
16.4016520216765
19.0758413669434
16.6389446734689
11.9542440230517
15.897807326771
18.5519828009022
17.4720323158384
19.7704540390096
15.8159256999913
13.1558921857732
21.7862229568578
30.5892281144343
21.1625700335126
19.0109036092749
29.8953194763684
27.2541412483599
14.8755086238397
12.6957073657774
13.1031375852891
12.265694348281
40.259325010552
14.3301488733741
21.1204579713607
12.0808127932241
16.8640975901334
17.5165647356601
16.5098685142152
14.476955200625
18.3381143252522
25.1870242763259
18.645735945733
13.7344071572552
17.4181598731837
16.0441570918396
25.7905678276959
13.9017618526399
11.3623495997702
21.2593492688587
16.1287089711159
21.2913144140747
18.8338026717298
17.104372871321
21.7691876371449
19.3430076370422
21.0465477649991
22.3643356096141
13.5576999109617
19.9051010479327
4.98559749601989
18.4537348611326
22.2873381582185
15.2255316508362
15.7626734603917
28.6473504287494
25.2375439755012
27.4760211337716
11.3580065311955
13.8402501172371
11.5201655407443
35.8654745817433
11.2177717143244
20.4457120819617
26.0068633621779
13.084248584305
14.1372783627642
21.8321541115292
17.1959487460867
16.8970683019726
16.7345421161136
12.8236457382463
18.3219209983093
16.2288425159165
18.7013571506251
21.7276799660431
23.213031748102
13.4514794677581
26.0553231815859
16.9248506045265
16.6953316745932
18.1476383383891
18.4423383269403
27.9415083492227
51.814588976359
29.1671118399279
33.1546622020819
15.596255449144
16.134076163606
24.6420352703738
19.236581432905
15.192191374296
19.7466757233863
21.4314154590589
22.3709671689307
19.2796054547872
20.9546877498557
29.3020484253544
20.4735141602924
16.423509354691
16.7485833292811
14.4692685810466
14.8488867744649
19.5408184203328
14.7854597007656
22.3095214943091
12.7423813077823
9.76818951557102
15.0966632700018
16.0449208988036
16.9547840824625
25.695933908834
13.081414098346
14.6468005896237
12.986536374136
19.9113127269393
14.9054040391258
14.3499821079915
16.3639198678748
19.7798382762822
17.5778785685069
19.8802349232134
8.55038574269061
15.9575914801755
13.613229438168
18.1564938863762
14.3068288796593
14.6011457611949
26.7249405870181
16.8420844073662
21.0000806365831
16.8948735123423
15.2563686093551
16.3268413784063
17.6298637775432
15.5390655617267
23.6081489154383
17.6137241107076
17.7904640971146
12.8842546122355
15.7767826834187
11.5822501455156
18.7937046432348
16.6106841840649
20.4892110156
24.5359232553464
18.5892719642206
12.6869415899583
16.6582551852482
18.1687442457342
24.5902921545722
28.947088022025
17.7869837309477
15.3396289773789
22.0917291075818
18.4624435898942
14.3284272933462
12.9369298930069
17.0239287049977
21.510892291545
18.0991895293379
14.4786701123808
13.6304747213078
16.8743624675337
15.8213990002695
19.4869563053869
6.26105561492568
19.045355718976
21.9372552436418
24.1897492920758
26.5690107678296
15.2887569890679
14.8013392622076
15.0334558182337
11.6715948807529
16.2204554329936
14.5468382295146
14.7846200624784
14.0662431758676
14.9815442109922
7.01376382909973
6.77337733449437
13.7190908081262
17.4131884728129
13.6105051167369
10.5999647072223
6.36682383104948
18.0423912263008
18.7079685176344
10.7217695440506
22.256803544874
32.1625969968837
14.2279507795974
17.3384647745473
11.5598026237062
15.1408240152365
14.7712332323105
17.9585807276566
12.914926840287
18.5286421862056
18.6927597291088
14.2557434065567
16.636715831055
16.227322372285
13.7829448320629
15.8135808577363
12.87272441207
18.662304969027
14.4256226729178
12.067499523923
14.8946156910657
11.6142369003732
15.2838947769842
13.170920939411
14.8347211325737
10.3902370554495
15.5422403338888
19.6632089893982
19.288584905286
22.9176211699882
12.7569240967533
14.1530080451884
17.8951117452625
13.8563169900434
13.9026548104538
13.6404543942237
12.1614071482836
29.9956686132376
19.0206625901526
12.5949812027778
4.21985899797372
15.9102562926417
14.0934738655329
18.2834163353643
17.2991971661853
21.639285356672
16.6307644109966
26.7064251118225
15.9839200625963
17.7173226653845
14.5612839349872
30.1104708908356
12.1938977445022
11.3645345161886
15.1620426668195
13.7118847049665
14.8238813438378
18.9176561681344
19.8528446098107
33.4084422427034
15.8541890831524
17.9812893948107
13.1803067177429
21.9220289545351
27.9830753479399
15.0802714937329
16.7618626876239
29.2048202519006
12.3870775038128
20.0622833107833
13.9133200779885
22.1565661140654
10.1201206761287
18.9339956428802
18.7844971018886
18.6709164140922
11.2705677811795
21.5241098990193
47.9806373034652
17.8439082277331
17.5469037661406
20.7429423918351
16.7854602988925
16.4783832094674
14.9443480043102
21.7828184200061
13.9992705954534
26.2133615920057
16.5151118353694
13.9833565953942
11.999663885028
22.9111408918736
6.95888457545971
20.6161698340348
15.3178459002051
14.8146988880468
13.8857361013647
19.090744972981
23.1201490755831
13.1248251167635
16.9496767728721
12.1959336889645
17.2153555705148
18.2786802673
15.2927955098672
14.847214624253
19.4786974603829
16.6693915649054
15.8612145942445
17.3947160603332
17.1318282858276
12.7433555064607
31.060611943679
21.0823613877786
21.0653461759195
10.6058038045253
18.814754075036
18.5586473813836
20.2286318026114
13.2383452098639
28.8786543393182
20.42937415579
15.3581586438692
36.4516598301927
23.2449737282661
24.4161801565719
18.0375918732188
12.9474441496869
9.27732531794017
15.5055988295563
17.1959487460867
11.981107466873
19.8883190236681
16.8046024474186
11.1114413463624
21.1280675383495
24.403009393681
13.7245073980257
13.5795756492397
10.5964657122494
20.7220620639107
19.9355173864415
23.4135346390845
24.9512356953191
17.3056268654156
11.1946075773263
20.1766059117301
13.0823630504404
17.8826739374889
17.8847475061301
27.9503585378222
19.4755269637894
16.7256759212313
15.8041980097138
13.0397627133867
20.0776833683845
21.0465477649991
18.1721514965242
13.170920939411
25.7809762288369
24.9784767523367
14.741065716279
21.8700725745717
16.2021555610939
13.6893135713022
14.4752510806737
15.4480733284065
17.2991971661853
14.6796990697093
15.9351050725936
13.0236294580958
17.7932461109637
24.926442361788
17.0536882770334
11.4771471612023
22.1426119545094
29.6944399680193
20.9139302713317
27.2695652679842
15.456076356611
11.0310245802618
19.2545762751903
18.6258285349486
30.5135404746898
19.5654814275436
21.433145704312
12.0930849066254
19.1308693125805
22.4471176473292
16.0156122538244
24.1979261508504
18.6735672573994
13.084248584305
17.8584496601504
15.4688705318105
12.8909603669048
23.4309571047319
13.3416343325644
21.936689345787
16.7293675689757
15.8502936013346
19.0473027136604
12.3910727324178
22.3305781026587
19.559794602222
16.2767765942551
15.5446363453677
28.2001007875617
15.879907368512
28.340950574585
16.2410279414496
23.3744227898774
13.7073688071988
23.8146755615418
15.4808625359573
25.4978552314309
21.5958109565157
24.7611875117399
15.154703534547
11.0040835762278
16.4287802377933
16.2684142234762
14.5238661634722
16.8273929538036
14.5850373272668
15.5597411450748
11.2298956890696
22.2595778996583
22.1922593944588
20.762008030247
11.5298184155951
14.5901215294708
7.79852059521852
9.90147093288272
4.36676906210143
25.9454528183606
25.9764121247527
21.0606462569913
26.1973157257369
15.4584754275728
21.4539051814331
25.7286348370036
20.1913118458162
13.5421837055935
12.8919233379753
12.6449600069464
25.8509118342221
23.9446539232008
18.3009917453224
16.8303341617545
16.3162320478557
19.9106892482117
11.4014744436384
17.3989792581799
27.1263443066053
20.8647956840733
16.2120738281977
13.6630945938271
16.5263446733405
15.2782289214373
16.0202424535901
15.894703574915
15.5295066054216
16.5091165779867
22.7219886406018
15.6871693707949
11.7413125397789
16.7699790015207
17.2984795407987
30.6985916274716
18.2901700747681
13.7082744277932
18.1196755479669
20.1974355014829
15.9575914801755
16.4986341052607
17.1159349878909
17.7925484120236
11.6959371931893
13.2663395192578
17.560993290282
15.6097300231171
15.705289001945
20.0850778580745
22.4807001566577
13.2812432937865
18.0293664827938
16.4550996557979
20.7065417250316
21.8779815628251
22.8186614817663
16.6612262511333
22.6958540314758
19.348758178682
16.7655558602893
15.0202907645045
13.5977765968027
18.8351124528104
18.8607067305294
13.2280621764051
13.1078616534026
22.9795878754199
18.1939112999288
17.236892056399
17.1036470716061
15.9219058631481
26.0875736170613
20.0468634836794
22.2712435666536
21.2273359890416
17.9047855483275
21.5929439475917
12.4199900943409
15.0145254361293
22.3886464631167
16.1233498630637
15.0671367826233
15.5143723693814
32.014614659867
12.5428366563159
24.4278257977411
13.3971328034491
23.4182924487662
17.768201262474
13.127662353176
16.0918698574583
17.2103255878897
13.9293140937854
17.2820303974047
16.4498372060078
15.3000684023653
14.6527106055598
18.7502277618378
29.8758708473877
18.4188587698803
5.37009504185847
17.0101241371378
12.4080284823866
27.1149419938831
23.1003565051342
12.7520825034378
19.7021594370388
23.2529489451378
20.5909566353112
21.5160634361607
16.6982961435973
21.5826298859306
17.2641275061315
24.2224467359818
11.3001554082842
25.5530861223224
11.2486018929924
17.9165240181026
13.1812364759538
15.64770427124
16.7271507751444
19.8646817946622
19.7504312492547
17.1722015691019
20.3012471984673
10.9601722795524
15.8876928726007
15.3412370816699
17.7068543624198
30.7480993801654
15.8985881753776
16.0395238729452
14.6931692961644
14.146022984848
12.8563815449548
19.4144759670778
15.5501948983903
14.4067442399741
19.5983252790034
14.21230404142
11.4739017969707
15.6989946237107
13.9683132236611
34.7033099977282
17.2784476186692
17.0790540352985
18.3333923873335
14.3499821079915
22.1788802488586
15.0112284539797
18.9496659322095
15.8510767905411
16.259293850985
24.7841490982596
19.7616935446439
17.2160674162392
17.926186266114
15.432859235016
16.3041028287651
17.7786423956126
21.3869380821507
18.1530836967246
15.9529430965327
15.4472697066084
25.85186609692
16.9175424102905
19.7623217240167
16.6812551785729
20.4807579665797
15.6200244679593
20.6305547248157
27.8186431220027
19.3366133970017
15.1383746041932
19.559794602222
15.8908080093081
22.2362353628563
25.3016478502278
22.4757509534856
10.9511363633307
14.6956929121845
24.5026308502988
12.5231025638175
34.4827439532425
23.4320167118844
16.4069299266575
21.2994457823474
16.2235066748325
18.0991895293379
20.0240254347247
16.7227163058952
19.2584277640747
20.0073431636809
27.1226946797565
11.4058009606365
22.6696822726432
19.9497787765109
16.8068090254893
17.2856032261723
16.4272689075045
17.5299795733043
16.7788217859708
11.413389335852
8.44706935609806
14.5765560766664
8.28744376402498
12.6840183184798
14.0116343929213
13.3323621268812
20.729226693352
16.1248798085169
8.74062416035778
21.5837802327422
15.9397586581968
14.1468892746456
15.0334558182337
21.9344328643109
15.3999678204351
24.5565744145991
15.5541757712728
19.895159927477
16.2204554329936
15.1187545029063
19.4513799362253
23.0091702453108
16.1631798463959
18.5832864033603
21.8621534451861
12.991302842382
19.1321587565907
21.3330966643895
23.9962438585188
30.284102399746
13.5832201332389
18.4483782454085
24.0641771897584
22.0564359784147
17.7633367877656
17.1253240405767
18.4436845371953
16.2965162617469
18.5212965613034
15.6113103046144
12.3400785933886
16.8897480863381
19.369837108383
18.014265065928
19.171548908419
17.4316504402102
21.6135499415412
14.0636066099404
13.2756578376285
26.9387853734414
12.8852057327056
16.2790547177276
22.3914115900752
23.2518880225419
14.7452542428911
20.6401493636075
27.3044618689672
12.2060692004914
15.0769888887035
15.0950185672485
11.4361242501991
19.3135700118742
24.0091273357937
14.909557073076
11.399296607541
18.3792063448488
28.0020709815939
19.6946292594853
19.5547328320257
16.8001884218251
19.0641739038413
16.6968187409134
15.2393340212183
17.1621148339504
18.551313637418
20.8434494790682
18.1973138384599
11.4523398130375
20.5241903786438
13.9408494758524
19.0369052938601
14.1355220336582
18.5852818045031
13.2458209501991
23.5845687654324
16.4686253285759
23.5494110878369
14.4410382840808
15.1563417605389
11.1514322643016
28.0937805152444
22.6598653376781
16.0533996898337
17.2970442007062
17.9448033755912
17.580694222464
10.50268876709
18.0025903276685
17.7793406402542
15.5127822128549
14.4196195831692
15.3073482366275
12.89767497494
13.4927799668421
17.9634011904718
13.7299102591904
17.2770198263108
9.45947586574205
14.713356921637
14.224482673262
24.7981122371686
20.5963664775512
12.8650442420453
15.4720699941708
19.509786744086
14.4564484661018
16.832537366654
16.0841831849743
15.2450143321791
27.0080152416081
11.8618092629169
21.8610177466334
18.3515964038323
17.4670853601139
19.7823324787699
16.8009178579642
13.9568005405702
16.2349412735503
13.9319760740108
24.3070460317471
13.5431003720406
22.382574780566
20.9765125704139
17.4791086737072
22.0906124163731
26.3859290279433
20.2665034388583
19.4698138642064
17.0660121648227
18.0909921454013
18.975751528427
13.1022022850275
23.0430041936932
16.0148371110582
19.8908076246743
17.9296307347155
13.3202998050814
10.5508580994979
17.3790723349701
12.7200417305255
16.3903434382188
18.1483136164825
16.5875863387935
18.6470589367428
21.0764948438618
18.7693418449973
23.2837766975681
18.641091930998
13.1774928939574
13.7010510194833
19.4869563053869
18.0307346994859
16.3306329314379
17.4060853154332
21.2895726419181
16.2638546765409
27.8839136541006
18.0080883842531
15.0687845285718
12.4547837606303
21.0999512328724
10.146961815977
18.5046012794867
29.0362349349326
13.7766617025173
15.1220280416931
22.5592247357691
18.1837173694565
14.9567605650829
20.8938149861347
25.9430726344035
17.8812854910462
23.0225991837729
25.58596962211
18.9111181085146
8.95031251556146
13.1003071863043
13.9133200779885
10.9217398649745
12.5605758991295
24.0913973013479
14.8222063726673
18.2719135706312
21.2331608568584
22.7056554065048
20.2084486801299
22.3327945580831
18.0334796469746
19.8970237659647
16.8552995439304
16.8266646653602
18.7258083990522
20.6605039183811
13.690220386267
18.9294223479356
20.4420842902947
15.0901044773923
19.2430089124947
12.6557168319286
23.152219201765
17.6508945144269
18.875780199548
19.8833488916701
14.1948910739967
18.4845418706574
16.6032377047725
17.5645093747923
17.1822823829093
13.5731983789872
12.78984312373
6.45554685745835
16.2349412735503
20.884938919169
20.5837516100283
12.3370602323909
24.0214871180801
15.2579854888145
18.6404259663988
23.481574533977
15.6619272278654
14.7032611613775
11.9241972341626
19.9473055114471
20.5993644638235
16.3124469042395
18.1789553273611
21.0165655865873
20.3128230808809
15.2887569890679
15.117943903121
15.0892817909764
39.3905070344256
23.1869152153039
16.3435020513051
24.7292024118763
11.7917647547869
17.9116909395278
19.4602801259271
12.3770902195912
13.841135544778
20.6293589386887
16.746359575278
13.6422627929994
19.6481077924318
18.7660515042064
18.0950913015639
21.8032449665322
16.4888882085551
20.2231314586831
18.7601223462984
21.7419077547405
15.6926875788085
22.1855672433033
16.259293850985
14.2600744847082
14.3972957406361
19.2250115215545
14.1206407717351
11.8189975041171
13.8447111758794
14.0882104325388
5.71373930597714
13.9665470421986
16.3169928727874
4.02489068641021
14.9691522010642
14.8497120612527
18.6755530124304
17.3505863906055
20.6263653120325
19.4392992680132
19.1515398605983
14.4564484661018
16.6597455610551
17.9310154376571
31.6056466746547
31.061406155359
16.1509356867772
22.4383027763802
20.9894828312206
21.4008123319532
14.757834258955
18.6967354638995
12.4835407916838
29.3437980085459
15.9265633054313
13.446876117738
22.357694964724
21.5522414769731
18.1932377142839
16.4129625103896
13.5485755743594
18.873815510865
17.9323911583999
22.9133011882157
16.5450362967574
14.6451162330601
12.321014405848
16.8141653495151
14.6940033288068
20.3304681128778
27.5739657739965
16.0618740050543
26.1538538683595
20.4275588897396
19.7015293394035
14.060969549632
19.8098202869551
29.616460328136
17.5687313709365
17.7981113532703
13.3842013656805
16.9540518788814
23.2763385468172
13.912427804716
20.3596392712229
16.1064614643125
14.476955200625
17.1217177660103
13.0577653912696
14.8138609070145
17.3149130575363
23.7996138608996
15.0622135962586
16.7175380983376
14.3568790218795
13.9426189125549
27.9322109238676
10.8672492288852
11.7455274267004
16.9664481395326
12.1155558747561
9.51943493583854
19.1618667728542
29.6260618735374
10.9905955497727
33.1926834043614
15.7194598560315
4.91816716380261
10.1603636277243
15.6926875788085
12.4418706607574
18.9104700695925
14.8655336938842
13.5995906706383
20.2316921475033
20.5524903212034
19.2089195920814
18.6052325999298
15.4592784668623
4.21695388895156
17.0108539271831
20.3274226389628
19.1069364297957
17.335609777669
13.127662353176
20.4880069799243
19.1082274888231
23.9493062200595
13.0416544063163
12.1349428451984
12.2707278545851
4.05855885632312
20.8914534824676
20.5036927400778
19.2153563244768
19.0933375290441
21.6347101205048
15.3291358487265
12.3019336121241
15.7736450278691
17.8806001283812
19.9187689788748
20.3140374999045
12.9043860891279
28.572139173089
12.485529505787
18.2115730885547
13.3989740422769
14.147766760878
13.9364077711098
10.0539153675063
17.8237928162415
17.4309382678776
15.5263189788574
18.2373617459782
20.9694400212025
19.6210261325263
17.6186389266085
13.0823630504404
25.6067435421468
18.6821735111754
15.2895585329338
21.422175218226
13.6277538473781
22.5400340749166
14.87967000184
13.2056162035322
21.9259780639669
16.8868172266226
18.5566491162347
24.0744527950942
15.2984559706101
20.8582727948753
14.5127941951027
17.3520081296149
13.4551586481216
14.1687314978419
15.4944271887337
14.9914419506543
19.9119361861447
12.45378698842
20.0048770154823
15.2563686093551
20.3182991445055
15.8612145942445
17.9950388124912
15.3291358487265
22.6156152845344
14.4136139932091
10.3723611941132
20.3231707387115
11.5886518128839
16.8582358830995
21.4660086944028
17.3070522977587
15.3742541442954
15.1228489467056
30.3363275345959
20.4547787461971
15.2539273182728
24.3492354550502
16.4761326467887
13.7694857284608
14.1127600841914
16.7507972867369
22.6669581132262
16.2539680064468
20.9806396517079
21.358588782807
17.1224427997303
15.4936362434947
19.5616903943548
31.0805123545871
17.0928029337688
24.0708561710034
4.48965182865983
13.3212197924397
16.0772650073751
12.092058318902
15.1097617809265
5.18499128998273
16.9853863200559
23.4805171632243
21.9924254937488
14.4624362688705
21.0817725420273
11.0813498569641
11.5126475455504
8.5286544672367
22.0491468108147
21.9547183500636
18.4329552736139
17.3840534916977
18.7178854410452
4.62532241583358
17.7723838249299
31.7115050572577
13.6377238411522
19.2391543369086
15.6144805805881
16.7626032861808
16.7190231895172
18.2671745202845
17.835584591371
22.5641556298785
13.7001565384213
15.0309889107571
17.5729523527235
17.6781943680502
14.1416457225502
23.6677900148139
13.1238913621071
14.8655336938842
17.9530675095526
10.06130532952
17.1786788007783
14.3568790218795
12.1390079463253
17.0420839295463
18.0369036260021
15.0120554178531
11.894087922394
20.9570497224337
23.1874437371377
16.8097538350171
15.8838056075441
4.0125740694657
27.0998880585044
13.0112809237498
15.0556503672209
22.7682060027109
8.91847937484892
16.8332748558005
4.19341285259839
16.9817503280934
14.5340755863033
8.59077530559708
9.06837135849555
14.6839051009281
12.0910448070666
8.31872621716381
8.33506813582322
15.6532363918222
15.9537212465409
27.6527842395498
19.797958339421
20.9127506885575
23.415648585299
4.0064214244872
18.3016613651218
12.1491909484753
20.6455386067419
17.9668385245062
16.3669346399057
15.4288470606877
16.9168180028852
13.7892250986694
12.2303497478621
19.7573118407929
22.0799685966381
11.9800712836626
21.6957855444785
15.4120031108173
13.7955025062466
15.2320321296871
15.0498985844395
24.316197976048
17.3056268654156
16.4693694498074
16.1225799001163
12.4020497665812
20.6599107524743
18.4805204864809
15.963016207041
20.9694400212025
17.4458330449655
24.1360079642867
16.4393072526792
18.4114693447348
17.645285160921
15.7838325653266
13.7118847049665
17.9744107418955
19.8970237659647
16.4828834129536
11.0198083698753
12.4100292973853
19.9156605486251
17.9096204903868
16.0549363011477
18.0704736091857
18.5259706058774
22.0396095184378
12.9817804156795
19.6958817954651
17.3634053491459
16.8398824515306
27.9251275360902
23.3950447683922
21.1608176642549
13.1295413816078
21.6706900880231
17.0862931474973
12.5723797163352
17.8937331583734
17.7744702600137
19.3212569396345
15.0884696078249
17.2913292618545
19.0719530056528
28.0025143054931
13.4753584680189
17.455746717889
16.0687988090175
13.2896290523504
13.255153693047
24.3472025676641
16.2372252666244
18.9431389204845
21.8032449665322
13.0596544765088
4.30114546081805
17.0108539271831
14.409318019931
12.6762112618213
12.7394707578235
21.6695516995341
24.6038672242481
12.8409846678877
10.6046332406624
4.97815389364763
4.9756595560505
7.95707354878776
23.5305004161042
18.657008235986
17.2325887595854
16.6136541774367
23.3097847059752
19.3564229100068
21.2982875509464
14.7234349496782
18.7963381697539
16.2067324662576
18.8436449259441
25.966895301937
26.7221593188649
18.3724766725928
25.906342267192
24.6435400961353
10.3807050492358
18.118314047704
13.6947419387985
16.9401903684638
20.071523177366
10.4318028474933
14.3628972535864
15.5279179987361
14.3258278709239
12.4438532445289
16.0641826047178
20.5963664775512
11.4469325431557
30.3314322965875
14.8038444384711
14.3379100758621
23.9079621500801
19.1198763933082
21.0946780828519
12.6615757683205
5.17543624273294
25.8619114225405
15.8018413552622
16.8435585173411
18.2515984283
15.4168249197002
18.9078524396175
23.9420748321029
16.4212512714514
20.099233127946
12.5517030715941
15.2579854888145
19.1302203982053
14.5340755863033
14.4050318140457
16.3442518691511
17.9909168597963
12.9665324421139
18.310442422526
27.397600369232
19.0128625029086
15.436055850914
21.1689991585812
18.7969986104928
22.0530731568855
10.8159278122872
16.7611220563432
11.5469637517887
24.4384564761983
16.5726692775726
15.8619872104952
19.6273277160912
12.116580471629
14.1171463029775
4.63333288830982
13.2308652455658
17.7396493515596
16.0818774564517
12.1104578740235
13.0974761756628
4.01566667367585
11.7138991880022
12.3720999861811
25.4021308550128
19.6241731221756
20.1361151422242
17.1829955987677
17.4067985045861
15.1138481305122
21.1362541797581
13.8536404719152
22.6784072088654
16.2722193904927
12.7995083464634
16.2311273671887
11.6779475708439
15.6887519965818
21.7867927629801
18.641757871806
20.3219490338051
18.1816778975097
24.6420352703738
22.0564359784147
19.1289308235341
23.5478363418055
20.7834378821141
18.9372568034667
13.6286530804025
17.645285160921
10.0490068241724
16.7397150637059
15.9389898117893
18.4671325302038
18.6211795554208
15.0375629034303
18.1775895115922
15.8900267783779
17.5250398933178
19.0440520404689
18.0218173561436
18.3151702773063
16.6523210207325
20.5801481514682
17.8556867187854
14.8263827112234
18.3475545553675
19.126343092106
18.1945936080145
14.3887038284126
15.9962920627249
15.380681419648
24.6204473748266
21.6803896701787
19.1850923709571
20.8309842410822
18.3987058794934
19.5458837939251
18.7132593314475
17.978536478961
18.044446441118
16.831809300802
19.3845146798134
21.2651653677296
15.76580320452
17.5828034041008
17.9737200753557
14.9963883707645
18.9026160922012
13.6549498449985
15.4384683419665
18.7844971018886
18.801604116164
18.311120388435
13.5065265912782
12.8525433422625
17.0217502727941
18.7495656736275
19.7046715490795
12.9798799966933
19.2468709852589
12.3680986288701
13.5659030472038
16.9168180028852
20.3474955707349
17.926186266114
13.6938354232539
22.6462142755219
16.0078889639854
16.8780310235358
12.2050521160732
16.3041028287651
24.5379340217746
12.3049476553372
16.9431119955691
15.7068698019962
17.5335018771581
19.9758012780521
18.1012382952762
14.0908423947959
28.9077551459558
16.2425566010155
12.2030176929241
32.6586100267218
16.7249336874899
14.1039948387817
17.8605260411782
31.13457609782
21.0700374928629
18.4195327453201
21.2104295738724
19.0200099158047
15.5119819433992
18.3872752380676
19.0421047134136
13.1144652084187
15.0005162148682
23.1751748061653
30.8665125401906
20.1041498892851
14.5051265674921
25.0402820767188
17.6017837075812
16.2280775582106
15.8666622410913
15.5914993386779
4.11003495725859
21.517786874871
19.4437526370159
15.0597513995363
9.24394976489621
20.6425396164509
19.8578303913216
12.577303140079
18.3697823805935
23.7517583044203
17.324910832273
12.0233420112818
16.4114594212427
15.4744665855725
15.954489383041
15.2466324157404
17.1837180469884
13.0710197830776
16.3525754581637
32.9965109474465
14.2262168321128
23.7298836363135
19.4621856116685
14.3042366587096
16.7197561666685
23.8281715217846
21.110501120541
16.2044441752677
15.8791356241858
12.0889911979555
18.2366810380219
17.8875148562518
12.8400178765376
18.847588832843
18.3219209983093
15.4152143761429
12.4884992390342
12.7869433769819
13.5110978383233
15.9250143073579
18.672902451025
9.20372896771903
18.9711882993796
12.8602309778657
19.0187128682503
23.1474135781114
16.947488796319
17.6480900605369
18.1905168742903
19.2089195920814
13.0321687708617
22.538388804325
15.2814682982508
16.6419191868415
21.5757560233505
12.4875051580464
14.8338842826182
13.3444135452759
18.457762081082
13.6186764460855
17.104372871321
16.760390888234
17.6732961140948
14.8013392622076
19.8004582973237
14.9186811437204
16.8163706727794
14.7921428130708
17.4273861021334
10.4483889574009
22.8403287836604
21.2471280318322
17.6501911884349
17.0050334484456
16.6790319901721
15.8315558082829
18.2027443363556
17.9385939044369
11.5051246377423
21.7867927629801
24.3019579459744
12.1888325104391
17.5391469811251
18.7225104075863
28.1992259893118
18.9457516751218
13.8196853633167
20.8825687903289
24.0477231174419
17.7709867615275
14.4923271910234
16.5450362967574
16.5233493543969
18.5932698274565
17.166435797237
22.662590349683
10.6685699281874
9.81996240876172
13.7226982396399
11.330747382844
13.9133200779885
19.6795521730257
16.8552995439304
14.3085530583707
16.899997383909
11.0153157982044
16.8633708868751
21.9451472717969
14.2253441850511
17.7005704089304
20.320735087595
12.6537548651661
15.453676913211
23.5010460449659
13.680277017366
12.2222659321302
13.2886949012292
15.7642384101261
25.3928814155304
16.9233929799311
18.310442422526
13.0141306847678
14.4341926093206
18.1544513561422
12.0808127932241
16.8919435419209
23.2199555538644
13.2784508593912
20.1164484025877
16.8875523453365
15.2587990794818
20.6317581557137
14.4991563948004
16.9007225122882
16.9212016047827
17.3127712393643
12.9732079359916
13.5440052255011
19.7234900867417
14.6417360686921
21.1578917114659
15.2295869374863
17.955132948715
10.5285697624954
16.2021555610939
18.0834687450246
13.7640868389239
15.2295869374863
13.9088810246087
24.9992589095286
14.5442887853682
17.6613959860717
20.4426837766656
18.33879126816
14.4812311088053
15.8315558082829
14.5051265674921
20.9511480899494
15.8206143418834
14.5663764280029
19.5528363653058
12.2161963028084
15.8221836197426
34.8153753284776
19.0174073633265
14.5884306288363
15.3170354459114
17.3234776821504
16.9642623260774
25.0368305544741
8.82088356621104
15.6729794757449
14.3206498379221
18.2590438367052
12.49937797997
17.6305679144449
15.1130372675697
14.3844114799993
27.8017433995685
25.5371115012378
20.545264059616
16.9883001744184
20.5055012663187
12.9436206540002
5.82308156697246
8.23506160033687
12.6008683790161
9.42806205042742
11.8043373742941
10.8695336673176
6.66293327492129
7.453113098411
13.566818111011
15.1636800999196
7.18618972021429
23.1564946120043
13.2159046590763
20.2212976782327
16.599508418488
18.6025720190216
17.9441115694677
14.8987717322693
13.7416130316084
18.1053351316493
13.6440709520881
21.1830086390923
16.7825112266041
17.2318683602756
20.2225175936147
12.6537548651661
12.2626706569968
14.1800721169881
17.8909667700901
13.9284228451109
14.5757153236115
16.4302817423825
15.264472146985
24.124221452422
18.4791855723915
20.4813640916991
13.8044636325148
15.5875279978022
17.6719002233523
14.2999078263689
5.39537540040357
13.2979975545012
13.6730504582026
14.8987717322693
18.6231708964586
17.8342014030231
16.3978865956661
14.6906452466278
18.4952412083923
17.6459886824553
13.7847345377431
18.0821045185544
15.9738601340572
20.1876304537741
21.6889475442697
15.7524621352982
18.568644052645
41.0688552995343
16.4708769170464
18.2231139413498
15.1873087262448
14.8954491290348
22.0497098224894
16.5450362967574
17.6879868066078
18.2556615217002
19.4163859479493
20.7703466173343
13.4128168075501
16.575655684117
21.0536019708789
18.1244531653143
19.9807484128985
19.0135070519813
19.7322594765039
16.0256459729365
19.5888540862995
17.5722549642854
18.3070696036476
10.2379658190274
16.1983339353206
25.1004642228519
18.4731643420514
15.941316207384
16.1118360679181
4.13100830525495
14.6535578021655
15.5103812806165
10.6046332406624
13.2027957191508
18.0430792641948
16.4332940248956
15.8775719752436
13.0729069530064
15.8432732930435
14.758664637291
21.4227547073549
14.7971558554083
16.1041589255044
16.9482212834409
11.4965170456438
11.1724923471534
18.5606454313964
13.625032430099
17.7026653079411
22.1632670220516
22.947276488393
14.0010326489543
15.4760606790087
17.1505838496878
21.305833604622
20.3626799267691
15.3895261748174
15.8002801299381
20.3353367918495
11.3819288329425
15.0383884191673
13.8946390330338
16.3556020521881
13.9106545277021
19.7090649558822
15.5954594630563
20.7065417250316
21.5780500127733
11.6980461983781
16.9014570262001
13.3768029606433
22.4145925270742
18.1973138384599
26.1462887037334
22.5827831324812
18.2231139413498
24.9244565525697
20.1778285290965
15.9715384787735
16.3078996684635
20.5603100995147
15.8884742182882
19.1024045385436
20.728627815976
25.1889893856588
19.6159801627161
15.5103812806165
14.3887038284126
19.1250449341879
16.2021555610939
15.0490737000917
19.1960396522803
15.3396289773789
13.6223104691446
13.4900313205765
11.2442007351536
12.7578971849379
16.6857006667274
12.8236457382463
25.4371617085789
12.1512343835825
31.5567025544256
20.1170655043199
21.3377291137437
14.9815442109922
15.3057261734012
15.2936072487081
6.53739692527389
14.4299027625705
9.29862485765611
5.62429387205955
16.379775238586
17.9254937414927
14.7074712756952
19.6537690643159
13.9017618526399
15.5859453049826
15.3975596334924
12.0171719099501
14.770392785305
13.9008688374645
13.2784508593912
16.6738402160721
14.365489968339
21.5591302191339
17.9413529490644
14.5850373272668
14.7301570075343
14.2079471993683
28.9355506395446
20.7864165441141
18.1932377142839
15.2871329531907
12.3691023063349
12.909182889827
12.8554282919013
13.8295169902594
18.6251620245888
18.1299054873706
19.1741305388929
15.9094760167148
20.7959316197652
5.70074420139217
14.3878520982299
20.5591024863918
25.9478389176343
20.2549010843144
15.6603520541077
12.8419513864541
13.3721858053213
17.3712406082996
13.8304146125485
14.6087629917834
13.2859040330146
16.4137188515759
18.2298987518029
13.3564540897795
18.0375918732188
16.5390518867259
20.0752179332255
16.1570540012012
13.6105051167369
17.7772547767847
14.3284272933462
17.2096042566367
15.8604319056435
11.9086375653055
16.2661346097689
12.3470798960404
22.8614325426217
15.0687845285718
14.3051044931344
14.208820914881
18.3549697116306
14.2973143505753
17.0275650372733
13.8714818202027
13.794602612208
35.8030104423411
17.9922880003756
17.2340202329389
21.3713197156501
17.1289388474732
15.8135808577363
17.851523673977
11.0780029088711
16.4963863053637
14.8338842826182
18.9437858418536
13.2859040330146
24.9680759998197
12.6908424181224
20.7077407399436
14.7628589514954
18.1258142044442
14.9608887047882
13.4524023149265
22.54277357235
14.3499821079915
17.1729152036311
15.8182701946555
12.4805698785813
11.6450698130824
9.83380987523047
19.7648261894241
16.8420844073662
14.3128792760205
19.0200099158047
13.9408494758524
16.7249336874899
19.1721964239631
12.989391563897
8.77168754049745
9.68299566996902
15.5111816326552
18.0211285064803
15.6049780194539
16.0487790561958
16.1884072501008
16.8288683506635
21.6626980714539
16.7854602988925
14.8572125657016
19.1831510646397
17.495372525153
18.1721514965242
18.2047814482406
18.9711882993796
15.150628204275
18.4436845371953
14.7083044973455
20.7679634107345
10.20166475468
24.3786704229869
12.1430847932291
16.4873823881167
20.7560509410262
18.3394681860807
12.8294279851833
16.4174806463847
6.40361390838227
13.0283701397228
25.57678666509
14.2036002261468
29.5479017781028
27.6778149880708
15.5008149029713
11.3285699989658
14.8962825203735
11.8816102735157
17.9337756482036
16.8163706727794
14.7611770560313
12.1918745142417
11.3960430388453
7.78424208665204
16.9248506045265
12.4845351883342
12.9005498317969
13.6204877363303
10.0600714094238
20.8398909253265
17.2584016672647
13.2392829136116
17.4174562869137
13.7136836843589
11.832590375204
17.6900831957968
14.3706518445549
12.3139853585682
20.2701626546068
19.4913906203805
13.4790311304712
10.8501739518453
14.9476597381842
21.1532198786567
15.7304716814708
13.9683132236611
14.4854947676104
31.3179345894075
14.8455530064149
21.1561389547015
15.5239303924537
18.4731643420514
14.400733280564
15.825301594648
12.2818124490638
15.9831433828376
14.562125521247
15.2717585279666
18.9130873372793
16.6091894058831
15.879907368512
19.867165345562
16.5778927358661
16.7079198910075
14.6349842728278
12.9043860891279
15.1416439012244
16.4963863053637
17.7981113532703
16.3744885809759
17.7716853069569
45.9266088935005
15.1889434355559
22.9267932221395
22.6658627403527
14.0072151341788
17.4280984196198
23.6097196386782
17.3398875074371
22.4184548694341
17.3491553614469
21.0600643612712
15.4007739104747
18.6357806284231
20.5380430047613
18.361705800291
16.1409798517118
14.664523491967
16.348039384219
16.4250113411219
13.9550329020358
16.9839338908623
16.6523210207325
16.0210173348303
19.962172396682
19.0544372078688
12.9302356698744
29.7788540501342
21.7071823126617
22.7263449884235
9.50903006349528
16.9853863200559
14.8705219952418
15.0276955405911
15.3742541442954
15.1113943469392
21.7583938972806
18.2244763453347
4.18456032921698
19.2725543156443
23.7684172640615
14.321516677765
22.2106398732481
17.7166309598668
16.3722237367142
21.1251370494805
20.492830464549
14.1495103220063
13.0899278734733
18.683502440493
19.7923383105435
17.5497153208511
15.0013331598815
13.7010510194833
17.8106082143282
17.3420259766284
12.0130523323046
17.7528866528318
19.0810301767487
13.2747227033435
17.238323172406
16.7175380983376
19.4761643731103
13.6965431698164
15.879907368512
12.7083625421413
18.8731577582302
18.9920326418098
13.5211656209601
27.1932707236663
12.0048221935758
16.3465205889734
7.24958368581892
18.1039725529227
15.3879231169457
14.1809475499385
10.1323328646947
16.9904828954219
14.1425235341237
9.31856070274323
15.6532363918222
19.1902433471146
17.9358433089605
16.6024899972883
19.8297911357734
12.6322413130935
16.2668977778261
20.6239654676499
20.0795302645402
14.5238661634722
13.6838946812111
12.0767149246111
14.1931418741725
22.8792754354026
24.4445253533989
21.1456193631152
21.0835390299433
18.9117745408862
17.7375588205595
23.7152848408077
16.7101392360388
16.4114594212427
16.3737401477877
18.5839544155822
14.8297207888169
13.9346375457093
16.1540000598309
